# 4aEw1YZ2xmcrEk6d
Predict Customer Happiness

Correlation Matrix:

      	Y	        X1	      X2	      X3	      X4	    X5	    X6
Y	  1	        0.28016	  -0.024274	0.150838	0.064415	0.224522	0.167669
X1	0.28016	  1	        0.059797	0.283358	0.087541	0.432772	0.411873
X2	-0.024274	0.059797	1	        0.184129	0.114838	0.039996	-0.062205
X3	0.150838	0.283358	0.184129	1	        0.302618	0.358397	0.20375
X4	0.064415	0.087541	0.114838	0.302618	1	        0.293115	0.215888
X5	0.224522	0.432772	0.039996	0.358397	0.293115	1	        0.320195
X6	0.167669	0.411873	-0.062205	0.20375	  0.215888	0.320195	1
![image](https://github.com/sureshk76/4aEw1YZ2xmcrEk6d/assets/18317652/f3084738-b46c-4fc6-8bdf-dc498e875331)

Multicollinearity Analysis:
	R-SQUARED	Variance Inflation Factor
X1	0.296604	1.4216742774
X2	0.054876	1.0580622225
X3	0.215215	1.2742343444
X4	0.162761	1.1944020763
X5	0.295689	1.4198273206
X6	0.226853	1.2934150944
![image](https://github.com/sureshk76/4aEw1YZ2xmcrEk6d/assets/18317652/e049550b-d039-455d-95fb-cb14e346c211)

